﻿date,daily_tests,daily_cases,cumul_tests,cumul_cases,hospitalized,icu,daily_deceased,cumul_deceased,daily_released,cumul_released,daily_vld,daily_wal,daily_bru,cumul_vld,cumul_wal,cumul_bru
01/03/2020,,2,,2,,,,,,,,,,,,
02/03/2020,56,6,56,8,,,,,,,,,,,,
03/03/2020,282,5,338,13,,,,,,,,,,,,
04/03/2020,477,10,815,23,,,,,,,,,,,,
05/03/2020,631,27,1446,50,,,,,,,,,,,,
06/03/2020,703,59,2149,109,,,,,,,,,,,,
07/03/2020,1009,60,3158,169,,,,,,,,,,,,
08/03/2020,407,31,3565,200,,,,,,,,,,,,
09/03/2020,400,39,3965,239,,,,,,,,,,,,
10/03/2020,551,28,4516,267,,20,,,,,,,,,,
11/03/2020,765,47,5281,314,,,3,3,,,,,,,,
12/03/2020,1015,85,6296,399,,,0,3,,,,,,,,
13/03/2020,1420,160,7716,559,,,0,3,,,,,,,,
14/03/2020,2413,133,10129,689,97,24,1,4,,,179,90,13,433,174,71
15/03/2020,1989,197,12118,886,163,33,0,4,,,137,28,27,570,202,98
16/03/2020,1164,172,13282,1058,252,53,1,5,,,80,68,17,650,270,115
17/03/2020,1699,185,14981,1243,361,79,5,10,14,14,106,38,33,756,303,153
18/03/2020,1933,243,16914,1486,496,100,4,14,31,45,133,66,41,889,369,194
19/03/2020,2382,309,19296,1795,634,130,7,21,51,96,145,95,48,1034,464,242
20/03/2020,2955,462,22251,2257,837,164,16,37,48,144,302,90,43,1336,554,285
21/03/2020,2575,558,24826,2815,1089,238,30,67,58,202,292,200,50,1628,754,335
22/03/2020,1987,586,26813,3401,1380,290,8,75,76,278,412,99,70,2040,853,405
23/03/2020,1192,342,28005,3743,1643,322,13,88,61,339,173,118,45,2213,971,450
24/03/2020,2655,526,30660,4269,1859,381,34,122,60,399,381,87,38,2594,1058,488
25/03/2020,3344,668,34004,4937,2152,474,56,178,115,514,429,176,57,3023,1234,545
26/03/2020,3651,1298,37655,6235,2652,605,42,220,128,642,857,256,164,3880,1490,709
27/03/2020,3748,1049,41403,7284,3042,690,69,289,183,825,772,131,137,4652,1621,846
28/03/2020,3972,1850,45375,9134,3717,789,64,353,205,1030,823,875,134,5475,2496,980
29/03/2020,3337,1702,48712,10836,4138,867,78,431,296,1326,906,691,85,6381,3187,1065
30/03/2020,2034,1063,50746,11899,4524,927,82,513,168,1494,683,164,198,7064,3351,1263
31/03/2020,3334,876,54080,12775,4920,1021,98,705,168,1662,467,203,189,7531,3554,1452
01/04/2020,4978,1189,59058,13964,4995,1088,123,828,436,2098,688,349,128,8219,3903,1580
02/04/2020,4424,1384,63482,15348,5376,1144,183,1011,363,2461,912,317,137,9131,4220,1717
03/04/2020,4306,1422,67788,16770,5552,1205,132,1143,377,2838,865,374,167,9996,4594,1884
04/04/2020,3842,1661,71630,18431,5678,1245,140,1283,375,3213,831,652,162,10827,5246,2046
05/04/2020,,1260,,19691,5735,1261,164,1447,504,3717,776,301,169,11603,5547,2215
06/04/2020,,1123,,20814,5840,1257,185,1632,235,3952,686,262,137,12289,5809,2352
07/04/2020,,1380,,22194,6012,1260,162,2035,171,4157,587,734,62,12876,6543,2414
08/04/2020,,1209,,23403,5688,1276,205,2240,524,4681,544,548,101,13420,7091,2515
09/04/2020,,1580,,24983,5590,1285,283,2523,483,5164,1049,370,149,14469,7461,2664
10/04/2020,,1684,,26667,5610,1278,496,3019,404,5568,915,570,178,15384,8031,2842
11/04/2020,,1351,,28018,5635,1262,327,3346,418,5986,756,437,149,16140,8468,2991
12/04/2020,,1629,,29647,5323,1223,268,3600,477,6463,1003,461,143,17143,8929,3134
13/04/2020,,942,,30589,5393,1234,303,3903,239,6707,591,235,113,17734,9164,3247
14/04/2020,,530,,31119,5536,1223,262,4151,161,6868,332,129,62,18066,9293,3309
15/04/2020,,2454,,33573,5524,1204,283,4440,239,7107,1600,706,95,19666,9999,3404
16/04/2020,,1236,,34809,5309,1182,417,4857,455,7562,834,329,64,20500,10328,3468
17/04/2020,,1329,,36138,5161,1140,313,5163,399,7961,585,581,143,21085,10909,3611
18/04/2020,,1045,,37183,5069,1119,290,5453,387,8348,608,298,128,21693,11207,3739
19/04/2020,,1313,,38496,4871,1081,230,5683,409,8757,693,473,132,22386,11680,3871
20/04/2020,,1487,,39983,4920,1071,168,5828,138,8895,550,693,238,22936,12373,4109
21/04/2020,,973,,40956,4976,1079,170,5998,107,9002,389,511,60,23325,12884,4169
22/04/2020,,933,,41889,4765,1020,266,6262,432,9433,408,446,60,23733,13330,4229
23/04/2020,,908,,42797,4527,993,230,6490,367,9800,386,342,116,24119,13672,4345
24/04/2020,,1496,,44293,4355,970,190,6679,322,10122,602,646,106,24721,14318,4451
25/04/2020,,1032,,45325,4195,934,241,6917,295,10417,431,355,128,25152,14673,4579
26/04/2020,,809,,46134,3959,891,178,7094,368,10785,388,351,59,25540,15024,4638
27/04/2020,,553,,46687,3968,903,113,7207,93,10878,281,189,77,25821,15213,4715
28/04/2020,,647,,47334,3976,876,134,7331,65,10943,215,306,117,26036,15519,4832
29/04/2020,,525,,47859,4050,797,170,7501,340,11282,263,174,75,26299,15693,4907
30/04/2020,,660,,48519,3609,769,111,7594,293,11576,408,176,72,26707,15869,4979
01/05/2020,,513,,49032,3386,740,130,7703,316,11892,329,146,36,27036,16015,5015
02/05/2020,,485,,49517,3111,689,82,7765,319,12211,313,128,44,27349,16143,5059
03/05/2020,,389,,49906,3056,674,79,7844,98,12309,187,107,73,27536,16250,5132
04/05/2020,,361,,50267,3044,655,80,7924,69,12378,228,98,32,27764,16348,5164
05/05/2020,,242,,50509,3082,646,97,8016,63,12441,167,68,12,27925,16416,5176
06/05/2020,,272,,50781,2849,646,110,8339,290,12731,199,62,10,28124,16478,5186
07/05/2020,,639,,51420,2688,538,80,8415,244,12980,374,157,101,28498,16635,5287
08/05/2020,,591,,52011,2555,508,107,8521,221,13201,362,143,57,28860,16778,5344
09/05/2020,,585,,52596,2381,502,76,8581,210,13411,407,129,45,29267,16907,5389
10/05/2020,,485,,53801,2222,476,75,8656,231,13642,301,144,35,29568,17051,5424
11/05/2020,,368,,53449,2222,478,62,8707,55,13697,199,131,36,29767,17182,5460
12/05/2020,,330,,53779,2230,465,65,8761,35,13732,148,155,25,29915,17337,5485
13/05/2020,,202,,53981,2014,420,82,8843,205,13937,150,31,19,30065,17368,5504
14/05/2020,,307,,54288,1966,407,60,8903,173,14111,186,90,31,30251,17458,5535
15/05/2020,,356,,54644,1862,380,56,8959,190,14301,248,80,28,30499,17538,5563
16/05/2020,,345,,54989,1750,364,47,9005,159,14460,208,99,36,30707,17637,5599
17/05/2020,,291,,55280,1622,371,47,9052,170,14630,169,84,36,30876,17721,5635
18/05/2020,,279,,55559,1614,342,28,9080,27,14657,147,108,22,31023,17829,5657